#Carreras similares versión 3.4
#Catálogo 9 (Carreras)
11002, 11011, 3131001
5110001, 5110047, 5110026, 5110038, 5110044
1410000, 5460032, 5460033, 5460034, 5460035, 5460036, 5460040, 5460047
1412014, 1413013, 1413014
3411002, 5410137, 3451001
5410030, 5410031, 5410036, 5410037

5410045, 5410039, 5410040, 5410059, 5410061, 5410063, 5410064, 5410052, 5410053, 5410054, 5410088, 5410089, 5410090, 5410092, 5410097, 5410098, 5410103, 5410104, 5410105, 5410106, 5410116, 5410129, 5410135, 5410139

5730004, 5730003, 5730020, 5730025, 5730024
5310002, 110000, 5310008, 5310009, 5310005, 5310044, 5310079, 5310080, 5310082, 5310083
211008, 211004
2062061, 2062064
3831001, 3831002, 3831003, 3831004, 3831005, 3831006, 3831007
3822005, 3822006
3821029, 3821025, 3821026, 3821027, 3821028, 3821039, 3821001, 3821002, 3740000
3741001, 3741002, 3741003, 3741004, 3821003, 3741040
5920001, 5920115, 5920116, 5920140
5410072, 5540002, 3412010
5610004, 5610008, 3630000
1832003, 1832004, 1832005, 1832006, 1832007, 1832008
5930006, 531001, 3923002, 6150060, 6210001
5930003, 5930014, 3932003, 3932004, 3932005
1842008, 1842009, 1842010, 1842011
5210052, 5210053, 5210054
3924004, 3924006, 3924007, 3924008, 3924009
5550005, 3922003, 3922004, 3922005
3940000, 3941001, 3941005, 3941010, 3941012, 1852011, 1852013, 1312025
1852014, 1312030, 1312031
1312037, 5320046, 5320048
3231004, 3231005, 3230000, 3231001, 3231002, 1712005
3231003, 781001, 781002, 1112053
5720031, 5110031, 5110032
6010046, 550000, 1862001
1912013, 1912014, 1912015, 1912016, 1912017, 1912018
6130056, 6130057
6110003, 4171006, 6110007
1822001, 1822002
4121014, 6120005, 6120006
3311092, 3311093, 3311094, 3311095
1832011, 1832012, 1832013
6130022, 6130027, 2032020, 721015, 721008
2052026, 2052007
760000, 761001, 761002, 761005, 761012
811002, 810000, 811001, 811003, 811004
2212004, 2212002, 2212003, 2212005
5220022, 5220021, 5220030, 5220036, 3223002, 5220018
1212007, 1212008, 1212009
1513007, 1513008, 1513009, 1513010, 1513011
1512003, 1513002, 2012008
1512027, 1512028, 1512029, 1512030, 1512031, 1512032, 1512033, 1512034, 1512035
4144023, 4144024
2210000, 2220000
1613005, 1613006
2222001, 2222002, 2222003, 2222004, 2222005
3941005, 3941010, 3941012
2062087, 2062088, 2062090, 2062091, 2062097, 2062098
3721001, 3721003, 3721004, 3721005, 3721006
3724001, 3724002, 3724003, 3724004, 3724005
5420000, 5420015, 5420016, 5420017, 5420018
5510022, 5510005, 5510006, 5530001, 5540001, 5540004, 5540016, 5540034
5550000, 5550002, 5550012, 5550018, 5550019, 5550020
6220001, 6220009
5320000, 5320003, 5320046, 5320051, 5320052
3412001, 3412002, 3412003, 3412004, 3412005, 3412006, 3412007, 3412008
3340000, 3341008, 3341009, 3341010, 3341011, 3341012
3341013, 3341014
4211002, 4212002, 4212003, 4212004, 4212005, 4212006
6170017, 6170013, 6170014, 6170015, 6170021