#Ocupaciones similares versión 3.4
#Catálogo 21 (Ocupaciones)
217501, 217502
252201, 252202
251101, 422201, 322101
252101, 282501
252301, 252102
216301, 216302, 216307, 216306
923409, 282701, 962105, 314101
211110, 211203, 212101, 212103
212102, 212104, 212105, 211201
611303, 611401, 611402, 611501, 611601
612302, 612303, 612401, 612402, 612701
271101, 281201, 253101
313101, 313201, 214401
761401, 761402, 731101, 731102, 731301, 731302, 731303, 732102, 732103
211103, 212106, 211105, 211106
224201, 224101
211206, 211207, 211208, 211209, 211210
211205, 227205
213202, 213203, 213204
215103, 215104, 215105, 215201, 215202, 215203, 215204, 215205
251201, 251202, 251203, 251204, 251205, 251206
251102, 251103, 251106
522101, 522102, 522103, 522201
282304, 282302, 282303, 282305, 282306, 282307, 282308
251203, 251204, 251205, 251206
255206, 255301, 255302, 255303, 255304, 255305, 255306
313204, 313205
261102, 261103
911101, 911102, 911103, 911104, 911105, 911106, 911107
922101, 922102, 922103, 922104, 922105, 922201, 922202, 922203, 923101, 923102
923701, 923110
923402, 923403, 923404, 923405
265102, 265103, 265104
941101, 941102, 941103
421401, 421402, 421403, 421404
833101, 833102, 834402, 835101, 835102, 835201
912101, 912102, 912103, 912104
262204, 921101, 921102
922105, 922203, 923204, 923205
923102, 923103, 923104, 923105, 923106, 923107
923302, 923407, 911104
263801, 265104
923501, 923502, 923503, 923504, 923505, 923506, 923507, 923508
923602, 923603, 923604
964101, 964201, 964202, 964301
511501, 511502, 511503, 511601, 511602, 511603, 511604
531101, 531102
621101, 711301, 282104
217301, 217302, 217303
610101, 610102
834101, 834102, 834103, 834104, 834105, 834201, 834202, 834203, 834204, 834205, 834301
255101, 255102, 255103, 255104, 255105, 255106, 255201
215206, 215301, 215302, 215101, 215102, 215103
521103, 521104, 521201, 521202, 521203, 521204, 521205
112201, 112202, 112203
216203, 216204, 216205 
322201, 322202, 322203, 322204 
225101, 242102
225203, 225204, 225205
224102, 224103, 224104, 224105
228102, 228103, 228104, 228105
3311096, 226207
227108, 227109, 227110, 227111
226208, 226209, 226210
225310, 225311, 225312
225402, 225403, 225404, 225405, 225406, 225407, 225408
226108, 226109
225102, 225103, 225104
225409, 222305
227112, 225315
172208, 172209, 211304, 233303, 261304, 282507
223107, 223108, 223109
222306, 222111
251212, 212304, 213205
213110, 213206, 213207, 213208, 214103, 214104, 214105
211213, 251115
224202, 224203, 224204, 224205, 224206, 224207, 224208, 224209, 224210
222112, 222114
222307, 222308, 222309, 223107, 223108
231208, 231209, 231210
217103, 217104, 217105, 217106, 217201
214106, 214107, 214108, 214109, 214110
281205, 281206, 282105, 313202, 524102, 631101, 631102
811203, 811301, 811402
814102, 814103, 814104, 814105, 814106, 814107, 814201, 814202, 814203, 814204, 814205
816107, 816202, 817102, 817201

281206, 524102, 631101, 631102, 811104, 811105, 811106, 811107, 812102, 812103, 812104, 812105, 812201, 812202, 812203, 812204, 812301, 812302, 812303, 812304, 812305, 812306, 812307, 812308, 812309, 812310, 812311

814204, 817303, 811404
811405, 811406, 812101, 811401
213104, 214207, 252105
251402, 252205
713501, 721303, 721304, 721305 721306, 735204, 216101, 216102, 216103
271305, 271306, 234104
271213, 253111, 253112, 253113, 253115
422202, 422203, 422204, 422301, 422302, 422303, 422401, 423101
423201, 423202, 423301, 423302, 423303
733201, 734101, 734102, 734103, 734104, 734201, 734301, 734302, 734303
214206, 214208, 214209